cityid	lifestyleid	pulse
3000	53	5,40822121315
3000	54	0,940981404856
3000	55	6,54339031782
3000	56	7,52184402663
3000	57	0,0679689086974
3000	58	4,58930923138
3000	59	9,90719035268
3000	61	1,97832461447
3001	53	0,976077285595
3001	54	2,43269420229
3001	55	2,14830773883
3001	56	2,14103811421
3001	57	0,687605454586
3001	58	4,46332105901
3001	59	3,53585026227
3001	61	4,83082651626
3002	53	0,359058482572
3002	54	7,09205752704
3002	55	4,59718533792
3002	56	5,01525817439
3002	57	4,99095976353
3002	58	5,40824889671
3002	59	8,69163850788
3002	61	0,0122001580894
3003	53	4,01530755684
3003	54	0,588300540112
3003	55	6,30552587099
3003	56	2,60486979038
3003	57	1,72685355879
3003	58	5,63055245671
3003	59	0,409027682617
3003	61	7,13507477194
3004	53	6,57153386623
3004	54	6,95241800044
3004	55	4,65691879857
3004	56	6,63950277492
3004	57	1,54172723647
3004	58	4,56410915591
3004	59	8,61782738939
3004	61	2,51780452207
3005	53	6,9968033582
3005	54	0,766135132872
3005	55	4,65884264093
3005	56	7,68440881278
3005	57	5,22945619188
3005	58	8,1946929032
3005	59	2,5152353337
3005	61	5,58851467445
